{
 "metadata": {
  "language_info": {
   "codemirror_mode": {
    "name": "ipython",
    "version": 3
   },
   "file_extension": ".py",
   "mimetype": "text/x-python",
   "name": "python",
   "nbconvert_exporter": "python",
   "pygments_lexer": "ipython3",
   "version": "3.7.10-final"
  },
  "orig_nbformat": 2,
  "kernelspec": {
   "name": "python3710jvsc74a57bd043a68c45ba6051e1988e03d62ad04977e06475d4b702447f7d87ba61fe43c158",
   "display_name": "Python 3.7.10 64-bit ('iafrvm': conda)"
  }
 },
 "nbformat": 4,
 "nbformat_minor": 2,
 "cells": [
  {
   "cell_type": "code",
   "execution_count": 1,
   "metadata": {},
   "outputs": [],
   "source": [
    "import numpy as np\n",
    "import pandas as pd\n",
    "import matplotlib.pyplot as plt\n",
    "import datetime"
   ]
  },
  {
   "source": [
    "## Numpy\n"
   ],
   "cell_type": "markdown",
   "metadata": {}
  },
  {
   "source": [
    "#### Crear un vector con valores de 10 a 49.\n",
    "\n"
   ],
   "cell_type": "markdown",
   "metadata": {}
  },
  {
   "cell_type": "code",
   "execution_count": 2,
   "metadata": {},
   "outputs": [
    {
     "output_type": "execute_result",
     "data": {
      "text/plain": [
       "array([10., 11., 12., 13., 14., 15., 16., 17., 18., 19., 20., 21., 22.,\n",
       "       23., 24., 25., 26., 27., 28., 29., 30., 31., 32., 33., 34., 35.,\n",
       "       36., 37., 38., 39., 40., 41., 42., 43., 44., 45., 46., 47., 48.,\n",
       "       49.])"
      ]
     },
     "metadata": {},
     "execution_count": 2
    }
   ],
   "source": [
    "vector1 = np.linspace(10,49,40)\n",
    "vector1"
   ]
  },
  {
   "source": [
    "#### Elevar al cuadrado a aquellos números divisibles por 3.\n"
   ],
   "cell_type": "markdown",
   "metadata": {}
  },
  {
   "cell_type": "code",
   "execution_count": 3,
   "metadata": {},
   "outputs": [
    {
     "output_type": "execute_result",
     "data": {
      "text/plain": [
       "array([  10.,   11.,  144.,   13.,   14.,  225.,   16.,   17.,  324.,\n",
       "         19.,   20.,  441.,   22.,   23.,  576.,   25.,   26.,  729.,\n",
       "         28.,   29.,  900.,   31.,   32., 1089.,   34.,   35., 1296.,\n",
       "         37.,   38., 1521.,   40.,   41., 1764.,   43.,   44., 2025.,\n",
       "         46.,   47., 2304.,   49.])"
      ]
     },
     "metadata": {},
     "execution_count": 3
    }
   ],
   "source": [
    "for i in range(len(vector1)):\n",
    "    if vector1[i]%3==0:\n",
    "        vector1[i]=vector1[i]**2\n",
    "vector1"
   ]
  },
  {
   "source": [
    "#### Redimensionar ese vector en una matriz de 20x2.\n"
   ],
   "cell_type": "markdown",
   "metadata": {}
  },
  {
   "cell_type": "code",
   "execution_count": 4,
   "metadata": {},
   "outputs": [
    {
     "output_type": "execute_result",
     "data": {
      "text/plain": [
       "array([[  10.,   11.],\n",
       "       [ 144.,   13.],\n",
       "       [  14.,  225.],\n",
       "       [  16.,   17.],\n",
       "       [ 324.,   19.],\n",
       "       [  20.,  441.],\n",
       "       [  22.,   23.],\n",
       "       [ 576.,   25.],\n",
       "       [  26.,  729.],\n",
       "       [  28.,   29.],\n",
       "       [ 900.,   31.],\n",
       "       [  32., 1089.],\n",
       "       [  34.,   35.],\n",
       "       [1296.,   37.],\n",
       "       [  38., 1521.],\n",
       "       [  40.,   41.],\n",
       "       [1764.,   43.],\n",
       "       [  44., 2025.],\n",
       "       [  46.,   47.],\n",
       "       [2304.,   49.]])"
      ]
     },
     "metadata": {},
     "execution_count": 4
    }
   ],
   "source": [
    "vector1= np.reshape(vector1,(20,2))\n",
    "vector1"
   ]
  },
  {
   "source": [
    "#### Crear una nueva matriz de 2x10 y multiplicarla a la matriz anterior.\n"
   ],
   "cell_type": "markdown",
   "metadata": {}
  },
  {
   "cell_type": "code",
   "execution_count": 5,
   "metadata": {},
   "outputs": [
    {
     "output_type": "execute_result",
     "data": {
      "text/plain": [
       "array([[ 1.,  2.,  3.,  4.,  5.,  6.,  7.,  8.,  9., 10.],\n",
       "       [11., 12., 13., 14., 15., 16., 17., 18., 19., 20.]])"
      ]
     },
     "metadata": {},
     "execution_count": 5
    }
   ],
   "source": [
    "vector2= np.reshape(np.linspace(1,20,20),(2,10))\n",
    "\n",
    "vector2"
   ]
  },
  {
   "cell_type": "code",
   "execution_count": 6,
   "metadata": {},
   "outputs": [
    {
     "output_type": "execute_result",
     "data": {
      "text/plain": [
       "array([[  131.,   152.,   173.,   194.,   215.,   236.,   257.,   278.,\n",
       "          299.,   320.],\n",
       "       [  287.,   444.,   601.,   758.,   915.,  1072.,  1229.,  1386.,\n",
       "         1543.,  1700.],\n",
       "       [ 2489.,  2728.,  2967.,  3206.,  3445.,  3684.,  3923.,  4162.,\n",
       "         4401.,  4640.],\n",
       "       [  203.,   236.,   269.,   302.,   335.,   368.,   401.,   434.,\n",
       "          467.,   500.],\n",
       "       [  533.,   876.,  1219.,  1562.,  1905.,  2248.,  2591.,  2934.,\n",
       "         3277.,  3620.],\n",
       "       [ 4871.,  5332.,  5793.,  6254.,  6715.,  7176.,  7637.,  8098.,\n",
       "         8559.,  9020.],\n",
       "       [  275.,   320.,   365.,   410.,   455.,   500.,   545.,   590.,\n",
       "          635.,   680.],\n",
       "       [  851.,  1452.,  2053.,  2654.,  3255.,  3856.,  4457.,  5058.,\n",
       "         5659.,  6260.],\n",
       "       [ 8045.,  8800.,  9555., 10310., 11065., 11820., 12575., 13330.,\n",
       "        14085., 14840.],\n",
       "       [  347.,   404.,   461.,   518.,   575.,   632.,   689.,   746.,\n",
       "          803.,   860.],\n",
       "       [ 1241.,  2172.,  3103.,  4034.,  4965.,  5896.,  6827.,  7758.,\n",
       "         8689.,  9620.],\n",
       "       [12011., 13132., 14253., 15374., 16495., 17616., 18737., 19858.,\n",
       "        20979., 22100.],\n",
       "       [  419.,   488.,   557.,   626.,   695.,   764.,   833.,   902.,\n",
       "          971.,  1040.],\n",
       "       [ 1703.,  3036.,  4369.,  5702.,  7035.,  8368.,  9701., 11034.,\n",
       "        12367., 13700.],\n",
       "       [16769., 18328., 19887., 21446., 23005., 24564., 26123., 27682.,\n",
       "        29241., 30800.],\n",
       "       [  491.,   572.,   653.,   734.,   815.,   896.,   977.,  1058.,\n",
       "         1139.,  1220.],\n",
       "       [ 2237.,  4044.,  5851.,  7658.,  9465., 11272., 13079., 14886.,\n",
       "        16693., 18500.],\n",
       "       [22319., 24388., 26457., 28526., 30595., 32664., 34733., 36802.,\n",
       "        38871., 40940.],\n",
       "       [  563.,   656.,   749.,   842.,   935.,  1028.,  1121.,  1214.,\n",
       "         1307.,  1400.],\n",
       "       [ 2843.,  5196.,  7549.,  9902., 12255., 14608., 16961., 19314.,\n",
       "        21667., 24020.]])"
      ]
     },
     "metadata": {},
     "execution_count": 6
    }
   ],
   "source": [
    "vector3 = np.dot(vector1,vector2)\n",
    "vector3\n"
   ]
  },
  {
   "source": [
    "#### Obtener la transpuesta de la matriz resultante."
   ],
   "cell_type": "markdown",
   "metadata": {}
  },
  {
   "cell_type": "code",
   "execution_count": 7,
   "metadata": {},
   "outputs": [
    {
     "output_type": "execute_result",
     "data": {
      "text/plain": [
       "array([[  131.,   287.,  2489.,   203.,   533.,  4871.,   275.,   851.,\n",
       "         8045.,   347.,  1241., 12011.,   419.,  1703., 16769.,   491.,\n",
       "         2237., 22319.,   563.,  2843.],\n",
       "       [  152.,   444.,  2728.,   236.,   876.,  5332.,   320.,  1452.,\n",
       "         8800.,   404.,  2172., 13132.,   488.,  3036., 18328.,   572.,\n",
       "         4044., 24388.,   656.,  5196.],\n",
       "       [  173.,   601.,  2967.,   269.,  1219.,  5793.,   365.,  2053.,\n",
       "         9555.,   461.,  3103., 14253.,   557.,  4369., 19887.,   653.,\n",
       "         5851., 26457.,   749.,  7549.],\n",
       "       [  194.,   758.,  3206.,   302.,  1562.,  6254.,   410.,  2654.,\n",
       "        10310.,   518.,  4034., 15374.,   626.,  5702., 21446.,   734.,\n",
       "         7658., 28526.,   842.,  9902.],\n",
       "       [  215.,   915.,  3445.,   335.,  1905.,  6715.,   455.,  3255.,\n",
       "        11065.,   575.,  4965., 16495.,   695.,  7035., 23005.,   815.,\n",
       "         9465., 30595.,   935., 12255.],\n",
       "       [  236.,  1072.,  3684.,   368.,  2248.,  7176.,   500.,  3856.,\n",
       "        11820.,   632.,  5896., 17616.,   764.,  8368., 24564.,   896.,\n",
       "        11272., 32664.,  1028., 14608.],\n",
       "       [  257.,  1229.,  3923.,   401.,  2591.,  7637.,   545.,  4457.,\n",
       "        12575.,   689.,  6827., 18737.,   833.,  9701., 26123.,   977.,\n",
       "        13079., 34733.,  1121., 16961.],\n",
       "       [  278.,  1386.,  4162.,   434.,  2934.,  8098.,   590.,  5058.,\n",
       "        13330.,   746.,  7758., 19858.,   902., 11034., 27682.,  1058.,\n",
       "        14886., 36802.,  1214., 19314.],\n",
       "       [  299.,  1543.,  4401.,   467.,  3277.,  8559.,   635.,  5659.,\n",
       "        14085.,   803.,  8689., 20979.,   971., 12367., 29241.,  1139.,\n",
       "        16693., 38871.,  1307., 21667.],\n",
       "       [  320.,  1700.,  4640.,   500.,  3620.,  9020.,   680.,  6260.,\n",
       "        14840.,   860.,  9620., 22100.,  1040., 13700., 30800.,  1220.,\n",
       "        18500., 40940.,  1400., 24020.]])"
      ]
     },
     "metadata": {},
     "execution_count": 7
    }
   ],
   "source": [
    "vector3=np.transpose(vector3)\n",
    "vector3\n"
   ]
  },
  {
   "source": [
    "### Pandas + matplotlib\n",
    "\n",
    "#### COVID-19\n",
    "\n",
    "Con el Dataset de sistemas mapache:\n",
    "\n",
    "\n"
   ],
   "cell_type": "markdown",
   "metadata": {}
  },
  {
   "cell_type": "code",
   "execution_count": 8,
   "metadata": {},
   "outputs": [
    {
     "output_type": "execute_result",
     "data": {
      "text/plain": [
       "          fecha  dia_inicio  dia_cuarentena_dnu260 osm_admin_level_2  \\\n",
       "0     2/03/2020           1                    NaN         Argentina   \n",
       "1     3/03/2020           2                    NaN         Argentina   \n",
       "2     4/03/2020           3                    NaN         Argentina   \n",
       "3     5/03/2020           4                    NaN         Argentina   \n",
       "4     6/03/2020           5                    NaN         Argentina   \n",
       "...         ...         ...                    ...               ...   \n",
       "8787   7/4/2021         399                    NaN               NaN   \n",
       "8788   7/4/2021         399                    NaN               NaN   \n",
       "8789   7/4/2021         399                    NaN               NaN   \n",
       "8790   7/4/2021         399                    NaN               NaN   \n",
       "8791   7/4/2021         399                    NaN               NaN   \n",
       "\n",
       "        osm_admin_level_4 osm_admin_level_8  tot_casosconf  \\\n",
       "0                    CABA               NaN              1   \n",
       "1           Indeterminado               NaN              1   \n",
       "2           Indeterminado               NaN              1   \n",
       "3            Buenos Aires               NaN              2   \n",
       "4           Indeterminado               NaN              2   \n",
       "...                   ...               ...            ...   \n",
       "8787             Santa Fe               NaN        2449161   \n",
       "8788  Santiago del Estero               NaN        2449337   \n",
       "8789     Tierra del Fuego               NaN        2449383   \n",
       "8790              Tucumán               NaN        2450068   \n",
       "8791        Indeterminado               NaN        2450068   \n",
       "\n",
       "      nue_casosconf_diff  tot_fallecidos  nue_fallecidos_diff tot_recuperados  \\\n",
       "0                    1.0               0                  0.0             NaN   \n",
       "1                    0.0               0                  0.0             NaN   \n",
       "2                    0.0               0                  0.0             NaN   \n",
       "3                    1.0               2                  2.0             NaN   \n",
       "4                    0.0               2                  0.0             NaN   \n",
       "...                  ...             ...                  ...             ...   \n",
       "8787              1296.0           56829                 10.0             NaN   \n",
       "8788               176.0           56829                  NaN             NaN   \n",
       "8789                46.0           56832                  3.0             NaN   \n",
       "8790               685.0           56832                  NaN             NaN   \n",
       "8791                 0.0           56832                  0.0             NaN   \n",
       "\n",
       "     tot_terapia  test_RT-PCR_negativos  test_RT-PCR_total transmision_tipo  \\\n",
       "0            NaN                    NaN                NaN        importado   \n",
       "1            NaN                    NaN                NaN        importado   \n",
       "2            NaN                    NaN                NaN        importado   \n",
       "3            NaN                    NaN                NaN        importado   \n",
       "4            NaN                    NaN                NaN        importado   \n",
       "...          ...                    ...                ...              ...   \n",
       "8787         NaN                    NaN                NaN              NaN   \n",
       "8788         NaN                    NaN                NaN              NaN   \n",
       "8789         NaN                    NaN                NaN              NaN   \n",
       "8790         NaN                    NaN                NaN              NaN   \n",
       "8791         NaN                    NaN                NaN              NaN   \n",
       "\n",
       "          informe_tipo                                       informe_link  \\\n",
       "0                  NaN  https://www.infobae.com/coronavirus/2020/03/03...   \n",
       "1                  NaN                                                NaN   \n",
       "2                  NaN                                                NaN   \n",
       "3     informe nacional  https://www.argentina.gob.ar/sites/default/fil...   \n",
       "4     informe nacional  https://www.argentina.gob.ar/sites/default/fil...   \n",
       "...                ...                                                ...   \n",
       "8787               NaN                                                NaN   \n",
       "8788               NaN                                                NaN   \n",
       "8789               NaN                                                NaN   \n",
       "8790               NaN                                                NaN   \n",
       "8791               NaN                                                NaN   \n",
       "\n",
       "         observacion covid19argentina_admin_level_4  \n",
       "0     no hay informe                capital-federal  \n",
       "1     no hay informe                        no-data  \n",
       "2     no hay informe                        no-data  \n",
       "3                NaN                   buenos-aires  \n",
       "4                NaN                        no-data  \n",
       "...              ...                            ...  \n",
       "8787             NaN                            NaN  \n",
       "8788             NaN                            NaN  \n",
       "8789             NaN                            NaN  \n",
       "8790             NaN                            NaN  \n",
       "8791             NaN                            NaN  \n",
       "\n",
       "[8792 rows x 19 columns]"
      ],
      "text/html": "<div>\n<style scoped>\n    .dataframe tbody tr th:only-of-type {\n        vertical-align: middle;\n    }\n\n    .dataframe tbody tr th {\n        vertical-align: top;\n    }\n\n    .dataframe thead th {\n        text-align: right;\n    }\n</style>\n<table border=\"1\" class=\"dataframe\">\n  <thead>\n    <tr style=\"text-align: right;\">\n      <th></th>\n      <th>fecha</th>\n      <th>dia_inicio</th>\n      <th>dia_cuarentena_dnu260</th>\n      <th>osm_admin_level_2</th>\n      <th>osm_admin_level_4</th>\n      <th>osm_admin_level_8</th>\n      <th>tot_casosconf</th>\n      <th>nue_casosconf_diff</th>\n      <th>tot_fallecidos</th>\n      <th>nue_fallecidos_diff</th>\n      <th>tot_recuperados</th>\n      <th>tot_terapia</th>\n      <th>test_RT-PCR_negativos</th>\n      <th>test_RT-PCR_total</th>\n      <th>transmision_tipo</th>\n      <th>informe_tipo</th>\n      <th>informe_link</th>\n      <th>observacion</th>\n      <th>covid19argentina_admin_level_4</th>\n    </tr>\n  </thead>\n  <tbody>\n    <tr>\n      <th>0</th>\n      <td>2/03/2020</td>\n      <td>1</td>\n      <td>NaN</td>\n      <td>Argentina</td>\n      <td>CABA</td>\n      <td>NaN</td>\n      <td>1</td>\n      <td>1.0</td>\n      <td>0</td>\n      <td>0.0</td>\n      <td>NaN</td>\n      <td>NaN</td>\n      <td>NaN</td>\n      <td>NaN</td>\n      <td>importado</td>\n      <td>NaN</td>\n      <td>https://www.infobae.com/coronavirus/2020/03/03...</td>\n      <td>no hay informe</td>\n      <td>capital-federal</td>\n    </tr>\n    <tr>\n      <th>1</th>\n      <td>3/03/2020</td>\n      <td>2</td>\n      <td>NaN</td>\n      <td>Argentina</td>\n      <td>Indeterminado</td>\n      <td>NaN</td>\n      <td>1</td>\n      <td>0.0</td>\n      <td>0</td>\n      <td>0.0</td>\n      <td>NaN</td>\n      <td>NaN</td>\n      <td>NaN</td>\n      <td>NaN</td>\n      <td>importado</td>\n      <td>NaN</td>\n      <td>NaN</td>\n      <td>no hay informe</td>\n      <td>no-data</td>\n    </tr>\n    <tr>\n      <th>2</th>\n      <td>4/03/2020</td>\n      <td>3</td>\n      <td>NaN</td>\n      <td>Argentina</td>\n      <td>Indeterminado</td>\n      <td>NaN</td>\n      <td>1</td>\n      <td>0.0</td>\n      <td>0</td>\n      <td>0.0</td>\n      <td>NaN</td>\n      <td>NaN</td>\n      <td>NaN</td>\n      <td>NaN</td>\n      <td>importado</td>\n      <td>NaN</td>\n      <td>NaN</td>\n      <td>no hay informe</td>\n      <td>no-data</td>\n    </tr>\n    <tr>\n      <th>3</th>\n      <td>5/03/2020</td>\n      <td>4</td>\n      <td>NaN</td>\n      <td>Argentina</td>\n      <td>Buenos Aires</td>\n      <td>NaN</td>\n      <td>2</td>\n      <td>1.0</td>\n      <td>2</td>\n      <td>2.0</td>\n      <td>NaN</td>\n      <td>NaN</td>\n      <td>NaN</td>\n      <td>NaN</td>\n      <td>importado</td>\n      <td>informe nacional</td>\n      <td>https://www.argentina.gob.ar/sites/default/fil...</td>\n      <td>NaN</td>\n      <td>buenos-aires</td>\n    </tr>\n    <tr>\n      <th>4</th>\n      <td>6/03/2020</td>\n      <td>5</td>\n      <td>NaN</td>\n      <td>Argentina</td>\n      <td>Indeterminado</td>\n      <td>NaN</td>\n      <td>2</td>\n      <td>0.0</td>\n      <td>2</td>\n      <td>0.0</td>\n      <td>NaN</td>\n      <td>NaN</td>\n      <td>NaN</td>\n      <td>NaN</td>\n      <td>importado</td>\n      <td>informe nacional</td>\n      <td>https://www.argentina.gob.ar/sites/default/fil...</td>\n      <td>NaN</td>\n      <td>no-data</td>\n    </tr>\n    <tr>\n      <th>...</th>\n      <td>...</td>\n      <td>...</td>\n      <td>...</td>\n      <td>...</td>\n      <td>...</td>\n      <td>...</td>\n      <td>...</td>\n      <td>...</td>\n      <td>...</td>\n      <td>...</td>\n      <td>...</td>\n      <td>...</td>\n      <td>...</td>\n      <td>...</td>\n      <td>...</td>\n      <td>...</td>\n      <td>...</td>\n      <td>...</td>\n      <td>...</td>\n    </tr>\n    <tr>\n      <th>8787</th>\n      <td>7/4/2021</td>\n      <td>399</td>\n      <td>NaN</td>\n      <td>NaN</td>\n      <td>Santa Fe</td>\n      <td>NaN</td>\n      <td>2449161</td>\n      <td>1296.0</td>\n      <td>56829</td>\n      <td>10.0</td>\n      <td>NaN</td>\n      <td>NaN</td>\n      <td>NaN</td>\n      <td>NaN</td>\n      <td>NaN</td>\n      <td>NaN</td>\n      <td>NaN</td>\n      <td>NaN</td>\n      <td>NaN</td>\n    </tr>\n    <tr>\n      <th>8788</th>\n      <td>7/4/2021</td>\n      <td>399</td>\n      <td>NaN</td>\n      <td>NaN</td>\n      <td>Santiago del Estero</td>\n      <td>NaN</td>\n      <td>2449337</td>\n      <td>176.0</td>\n      <td>56829</td>\n      <td>NaN</td>\n      <td>NaN</td>\n      <td>NaN</td>\n      <td>NaN</td>\n      <td>NaN</td>\n      <td>NaN</td>\n      <td>NaN</td>\n      <td>NaN</td>\n      <td>NaN</td>\n      <td>NaN</td>\n    </tr>\n    <tr>\n      <th>8789</th>\n      <td>7/4/2021</td>\n      <td>399</td>\n      <td>NaN</td>\n      <td>NaN</td>\n      <td>Tierra del Fuego</td>\n      <td>NaN</td>\n      <td>2449383</td>\n      <td>46.0</td>\n      <td>56832</td>\n      <td>3.0</td>\n      <td>NaN</td>\n      <td>NaN</td>\n      <td>NaN</td>\n      <td>NaN</td>\n      <td>NaN</td>\n      <td>NaN</td>\n      <td>NaN</td>\n      <td>NaN</td>\n      <td>NaN</td>\n    </tr>\n    <tr>\n      <th>8790</th>\n      <td>7/4/2021</td>\n      <td>399</td>\n      <td>NaN</td>\n      <td>NaN</td>\n      <td>Tucumán</td>\n      <td>NaN</td>\n      <td>2450068</td>\n      <td>685.0</td>\n      <td>56832</td>\n      <td>NaN</td>\n      <td>NaN</td>\n      <td>NaN</td>\n      <td>NaN</td>\n      <td>NaN</td>\n      <td>NaN</td>\n      <td>NaN</td>\n      <td>NaN</td>\n      <td>NaN</td>\n      <td>NaN</td>\n    </tr>\n    <tr>\n      <th>8791</th>\n      <td>7/4/2021</td>\n      <td>399</td>\n      <td>NaN</td>\n      <td>NaN</td>\n      <td>Indeterminado</td>\n      <td>NaN</td>\n      <td>2450068</td>\n      <td>0.0</td>\n      <td>56832</td>\n      <td>0.0</td>\n      <td>NaN</td>\n      <td>NaN</td>\n      <td>NaN</td>\n      <td>NaN</td>\n      <td>NaN</td>\n      <td>NaN</td>\n      <td>NaN</td>\n      <td>NaN</td>\n      <td>NaN</td>\n    </tr>\n  </tbody>\n</table>\n<p>8792 rows × 19 columns</p>\n</div>"
     },
     "metadata": {},
     "execution_count": 8
    }
   ],
   "source": [
    "url = 'https://docs.google.com/spreadsheets/d/16-bnsDdmmgtSxdWbVMboIHo5FRuz76DBxsz_BbsEVWA/export?format=csv&id=16-bnsDdmmgtSxdWbVMboIHo5FRuz76DBxsz_BbsEVWA&gid=0'\n",
    "df = pd.read_csv(url)\n",
    "df\n"
   ]
  },
  {
   "source": [
    "1. Elaborar una curva que tome como eje X desde el primer día de la cuarentena, en lugar del primer día del contagio.\n",
    "\n"
   ],
   "cell_type": "markdown",
   "metadata": {}
  },
  {
   "cell_type": "code",
   "execution_count": 9,
   "metadata": {},
   "outputs": [
    {
     "output_type": "display_data",
     "data": {
      "text/plain": "<Figure size 432x288 with 1 Axes>",
